0 0 0 10000 100
1 0 0 9700 110 
2 0 0 9600 121
3 0 0 9500 125
4 0 0 8800 113
5 0 0 8900 102
6 0 0 9400 104
7 0 0 8400 106
8 0 0 9400 114
9 0 0 9700 105
10 0 0 9620 93 
11 0 0 9730 89
12 0 0 9650 88
13 0 0 9860 77
14 0 0 9780 86
15 0 0 9910 84 
16 0 0 10020 92 
17 0 0 10150 91
18 0 0 10020 93
19 0 0 10030 90
20 0 0 10050 98
21 0 0 10060 97
22 0 0 10060 104
23 0 0 10080 106
24 0 0 10110 107
25 0 0 10020 111
26 0 0 10150 112
27 0 0 19300 107
28 0 0 19000 111
29 0 0 18100 112
30 0 0 18200 109
31 0 0 19700 108
32 0 0 19500 112
33 0 0 19150 91
34 0 0 19020 93
35 0 0 18030 90
36 0 0 18050 98
37 0 0 19060 97
38 0 0 19050 98
39 1 0 9620 33
40 1 0 9730 36
41 1 0 9650 41
42 1 0 9860 32
43 1 0 9780 35
44 1 0 9910 32
45 1 0 19160 33
46 1 0 19070 36
47 1 0 18060 41
48 1 0 18080 32
49 1 0 19070 35
50 1 0 19090 32
51 0 1 9600 110
52 0 1 9600 121
53 0 1 9500 125
54 0 1 8800 113
55 0 1 8900 102
56 0 1 9400 104
57 0 1 8400 106
58 0 1 9620 93
59 0 1 9730 89
60 0 1 9650 88
61 0 1 9860 77
62 0 1 9780 86
63 0 1 9910 84
64 1 1 10220 93
65 1 1 10350 99
66 1 1 10520 98
67 1 1 10630 97
68 1 1 10850 96
69 1 1 10060 94
70 0 1 10060 102
71 0 1 10080 105
72 0 1 10110 102
73 0 1 10020 113
74 0 1 10150 115
75 0 1 10210 106
76 1 1 18500 107
77 1 1 19200 111
78 1 1 18300 112
79 1 1 19500 109
80 1 1 19600 108
81 1 1 19500 112
82 1 1 19150 91
83 1 1 19020 99
84 1 1 18030 95
85 1 1 18050 92
86 1 1 19060 93
87 1 1 19050 95
88 0 1 9620 33
89 0 1 9730 36
90 0 1 9650 41
91 0 1 9860 32
92 0 1 9780 35
93 0 1 9910 32
94 1 1 19160 33
95 1 1 19070 36
96 1 1 18060 46
97 1 1 18080 31
98 1 1 19070 32
99 1 1 19090 35